          95
         153
         104
          42
         149
          60
           2
         224
         246
          12
          77
          79
          76
         165
          69
         216
         244
         215
          94
          90
         132
         118
          82
          16
           0
          49
         136
          93
         222
         107
         181
         200
         102
          78
         228
         168
         115
          60
         147
         206
          48
         255
         107
         104
         191
          40
         239
          58
          30
         201
         145
         170
          81
         114
          96
          96
         234
         240
         125
         216
         176
          19
          55
         142
         142
         220
         222
         229
         170
         197
         146
         202
         249
         132
          88
         180
         205
          23
          72
         214
          67
         216
         208
         247
         147
         111
         215
         235
         130
         215
          29
         180
         227
         233
         244
          59
         227
         210
          72
           3
         174
         136
          37
          76
         247
         153
         115
          74
         162
          76
         104
          42
          46
          97
         221
         105
          18
         128
          24
         143
          48
         197
         142
          52
          39
          14
         249
         222
          92
          68
         187
         161
          23
         161
         205
          25
          10
         165
         148
          33
          72
          44
         106
         149
          64
         150
         185
         161
         156
         232
